[gd_scene load_steps=9 format=2]

[ext_resource path="res://Sprites/shotgun/spafa0.png" type="Texture" id=1]
[ext_resource path="res://Sprites/shotgun/spafb0.png" type="Texture" id=2]
[ext_resource path="res://Sprites/shotgun/spasb0.png" type="Texture" id=3]
[ext_resource path="res://Sprites/shotgun/spafc0.png" type="Texture" id=4]
[ext_resource path="res://Sprites/shotgun/spasa0.png" type="Texture" id=5]
[ext_resource path="res://Scenes/Gun.gd" type="Script" id=6]
[ext_resource path="res://Sprites/shotgun/spasc0.png" type="Texture" id=7]

[sub_resource type="SpriteFrames" id=1]
animations = [ {
"frames": [ ExtResource( 4 ) ],
"loop": true,
"name": "idle",
"speed": 5.0
}, {
"frames": [ ExtResource( 1 ), ExtResource( 2 ), ExtResource( 4 ), ExtResource( 5 ), ExtResource( 3 ), ExtResource( 7 ) ],
"loop": true,
"name": "shoot",
"speed": 9.0
} ]

[node name="Shotgun" type="Spatial"]
script = ExtResource( 6 )

[node name="CanvasLayer" type="CanvasLayer" parent="."]

[node name="Control" type="Control" parent="CanvasLayer"]
anchor_left = 1.0
anchor_top = 1.0
anchor_right = 1.0
anchor_bottom = 1.0
margin_left = -40.0
margin_top = -40.0

[node name="GunSprite" type="AnimatedSprite" parent="CanvasLayer/Control"]
position = Vector2( -414, -169 )
scale = Vector2( 2, 2 )
frames = SubResource( 1 )
animation = "idle"
centered = false

[node name="GunRays" type="Spatial" parent="."]

[node name="RayCast" type="RayCast" parent="GunRays"]
transform = Transform( 1, 0, 0, 0, 0.997516, -0.0704355, 0, 0.0704355, 0.997516, 0, 0, 0 )
enabled = true
cast_to = Vector3( 0, 0, -20 )

[node name="RayCast2" type="RayCast" parent="GunRays"]
transform = Transform( 1, 0, 0, 0, 0.999108, 0.0422244, 0, -0.0422244, 0.999108, 0, 0, 0 )
enabled = true
cast_to = Vector3( 0, 0, -10 )

[node name="RayCast3" type="RayCast" parent="GunRays"]
transform = Transform( 0.999032, 0, 0.0439856, 0, 1, 0, -0.0439856, 0, 0.999032, 0, 0, 0 )
enabled = true
cast_to = Vector3( 0, 0, -15 )

[node name="RayCast4" type="RayCast" parent="GunRays"]
transform = Transform( 0.995884, 0, -0.0906326, 0, 1, 0, 0.0906326, 0, 0.995884, 0, 0, 0 )
enabled = true
cast_to = Vector3( 0, 0, -10 )

[node name="RayCast5" type="RayCast" parent="GunRays"]
transform = Transform( 0.998731, -0.00890873, -0.0495722, 0, 0.984233, -0.176879, 0.0503663, 0.176654, 0.982984, 0, 0, 0 )
enabled = true
cast_to = Vector3( 0, 0, -20 )

[node name="RayCast6" type="RayCast" parent="GunRays"]
transform = Transform( 1, 0, 0, 0, 0.993136, 0.116965, 0, -0.116965, 0.993136, 0, 0, 0 )
enabled = true
cast_to = Vector3( 0, 0, -10 )

[node name="RayCast7" type="RayCast" parent="GunRays"]
transform = Transform( 0.990767, 0.0101182, -0.135199, 0, 0.997211, 0.0746307, 0.135577, -0.0739416, 0.988004, 0, 0, 0 )
enabled = true
cast_to = Vector3( 0, 0, -15 )

[node name="RayCast8" type="RayCast" parent="GunRays"]
transform = Transform( 0.999217, -0.00503938, 0.0392515, 0, 0.991859, 0.127342, -0.0395737, -0.127242, 0.991082, 0, 0, 0 )
enabled = true
cast_to = Vector3( 0, 0, -10 )
